  0.10002000e+01 -0.40674614e+01 -0.24183805e+02  0.21900338e+03
  0.10040000e+01 -0.48346488e+01 -0.25134763e+02  0.21720890e+03
  0.10062000e+01 -0.52832089e+01 -0.25781544e+02  0.21621997e+03
  0.10084000e+01 -0.57368420e+01 -0.26501316e+02  0.21527021e+03
  0.10106000e+01 -0.61970481e+01 -0.27296145e+02  0.21436206e+03
  0.10128000e+01 -0.66653405e+01 -0.28168187e+02  0.21349829e+03
  0.10152000e+01 -0.71872234e+01 -0.29210201e+02  0.21261035e+03
  0.10176000e+01 -0.77225547e+01 -0.30349783e+02  0.21178370e+03
  0.10200000e+01 -0.82733655e+01 -0.31590027e+02  0.21102364e+03
  0.10224000e+01 -0.88417127e+01 -0.32934076e+02  0.21033620e+03
  0.10228000e+01 -0.89382880e+01 -0.33168397e+02  0.21022915e+03
  0.10252000e+01 -0.95297283e+01 -0.34637529e+02  0.20963505e+03
  0.10276000e+01 -0.10143249e+02 -0.36217223e+02  0.20912929e+03
  0.10300000e+01 -0.10780983e+02 -0.37910433e+02  0.20872053e+03
  0.10324000e+01 -0.11445082e+02 -0.39719891e+02  0.20841843e+03
  0.10348000e+01 -0.12137705e+02 -0.41647996e+02  0.20823371e+03
  0.10372000e+01 -0.12861015e+02 -0.43696679e+02  0.20817826e+03
  0.10396000e+01 -0.13617161e+02 -0.45867244e+02  0.20826520e+03
  0.10442000e+01 -0.15165913e+02 -0.50369061e+02  0.20888363e+03
  0.10488000e+01 -0.16857320e+02 -0.55310922e+02  0.21019520e+03
  0.10534000e+01 -0.18704181e+02 -0.60662456e+02  0.21233518e+03
  0.10580000e+01 -0.20716701e+02 -0.66361947e+02  0.21545738e+03
  0.10626000e+01 -0.22900940e+02 -0.72304459e+02  0.21973049e+03
  0.10672000e+01 -0.25256756e+02 -0.78328031e+02  0.22532986e+03
  0.10718000e+01 -0.27775193e+02 -0.84199160e+02  0.23242270e+03
  0.10764000e+01 -0.30435368e+02 -0.89600091e+02  0.24114474e+03
  0.10810000e+01 -0.33201038e+02 -0.94122231e+02  0.25156664e+03
  0.10856000e+01 -0.36017271e+02 -0.97272039e+02  0.26365071e+03
  0.10902000e+01 -0.38807958e+02 -0.98497101e+02  0.27720206e+03
  0.10948000e+01 -0.41475185e+02 -0.97239466e+02  0.29182347e+03
  0.10994000e+01 -0.43901703e+02 -0.93018631e+02  0.30688990e+03
  0.11040000e+01 -0.45957555e+02 -0.85536765e+02  0.32156207e+03
  0.11086000e+01 -0.47511279e+02 -0.74784970e+02  0.33485527e+03
  0.11132000e+01 -0.48444799e+02 -0.61117202e+02  0.34576645e+03
  0.11178000e+01 -0.48669593e+02 -0.45256647e+02  0.35343916e+03
  0.11224000e+01 -0.48140512e+02 -0.28214971e+02  0.35732386e+03
  0.11270000e+01 -0.46863548e+02 -0.11135442e+02  0.35728220e+03
  0.11316000e+01 -0.44895256e+02  0.48974393e+01  0.35359950e+03
  0.11362000e+01 -0.42333938e+02  0.19025026e+02  0.34690308e+03
  0.11408000e+01 -0.39305109e+02  0.30713378e+02  0.33801881e+03
  0.11454000e+01 -0.35945021e+02  0.39768936e+02  0.32781466e+03
  0.11500000e+01 -0.32385827e+02  0.46286322e+02  0.31707389e+03
  0.11546000e+01 -0.28744690e+02  0.50559946e+02  0.30641948e+03
  0.11592000e+01 -0.25117567e+02  0.52990840e+02  0.29628967e+03
  0.11638000e+01 -0.21577161e+02  0.54009625e+02  0.28695104e+03
  0.11684000e+01 -0.18173893e+02  0.54023925e+02  0.27853183e+03
  0.11730000e+01 -0.14938665e+02  0.53389377e+02  0.27106126e+03
  0.11776000e+01 -0.11886374e+02  0.52398735e+02  0.26450574e+03
  0.11822000e+01 -0.90194700e+01  0.51282643e+02  0.25879782e+03
  0.11868000e+01 -0.63311763e+01  0.50216641e+02  0.25385721e+03
  0.11914000e+01 -0.38081741e+01  0.49330547e+02  0.24960475e+03
  0.11960000e+01 -0.14327426e+01  0.48717908e+02  0.24597083e+03
  0.12006000e+01  0.81560118e+00  0.48444300e+02  0.24290011e+03
  0.12052000e+01  0.29588740e+01  0.48553981e+02  0.24035370e+03
  0.12098000e+01  0.50197143e+01  0.49074801e+02  0.23830988e+03
  0.12144000e+01  0.70206935e+01  0.50021441e+02  0.23676395e+03
  0.12190000e+01  0.89837708e+01  0.51397138e+02  0.23572774e+03
  0.12236000e+01  0.10929818e+02  0.53194010e+02  0.23522884e+03
  0.12282000e+01  0.12878151e+02  0.55392101e+02  0.23530954e+03
  0.12328000e+01  0.14846015e+02  0.57957216e+02  0.23602551e+03
  0.12374000e+01  0.16847966e+02  0.60837640e+02  0.23744370e+03
  0.12420000e+01  0.18895115e+02  0.63959905e+02  0.23963921e+03
  0.12466000e+01  0.20994197e+02  0.67223869e+02  0.24269052e+03
  0.12512000e+01  0.23146452e+02  0.70497668e+02  0.24667248e+03
  0.12558000e+01  0.25346350e+02  0.73613391e+02  0.25164654e+03
  0.12604000e+01  0.27580210e+02  0.76364826e+02  0.25764774e+03
  0.12650000e+01  0.29824859e+02  0.78509079e+02  0.26466862e+03
  0.12696000e+01  0.32046557e+02  0.79774224e+02  0.27264104e+03
  0.12742000e+01  0.34200481e+02  0.79875112e+02  0.28141821e+03
  0.12788000e+01  0.36231151e+02  0.78538675e+02  0.29076050e+03
  0.12834000e+01  0.38074188e+02  0.75538248e+02  0.30033038e+03
  0.12880000e+01  0.39659674e+02  0.70733513e+02  0.30970169e+03
  0.12926000e+01  0.40917165e+02  0.64109212e+02  0.31838735e+03
  0.12972000e+01  0.41782019e+02  0.55803037e+02  0.32588576e+03
  0.13018000e+01  0.42202267e+02  0.46112751e+02  0.33174036e+03
  0.13064000e+01  0.42144901e+02  0.35475960e+02  0.33560132e+03
  0.13110000e+01  0.41600355e+02  0.24422877e+02  0.33727498e+03
  0.13156000e+01  0.40584203e+02  0.13510616e+02  0.33674835e+03
  0.13202000e+01  0.39135680e+02  0.32535889e+01  0.33418246e+03
  0.13248000e+01  0.37313345e+02 -0.59343671e+01  0.32987730e+03
  0.13294000e+01  0.35188809e+02 -0.13774938e+02  0.32421882e+03
  0.13340000e+01  0.32839778e+02 -0.20133756e+02  0.31762152e+03
  0.13386000e+01  0.30343542e+02 -0.25006077e+02  0.31047894e+03
  0.13432000e+01  0.27771769e+02 -0.28487976e+02  0.30312923e+03
  0.13478000e+01  0.25186975e+02 -0.30742214e+02  0.29583756e+03
  0.13524000e+01  0.22640667e+02 -0.31966089e+02  0.28879304e+03
  0.13570000e+01  0.20172887e+02 -0.32365568e+02  0.28211566e+03
  0.13616000e+01  0.17812763e+02 -0.32137208e+02  0.27586862e+03
  0.13662000e+01  0.15579697e+02 -0.31457380e+02  0.27007231e+03
  0.13708000e+01  0.13484827e+02 -0.30477327e+02  0.26471752e+03
  0.13754000e+01  0.11532568e+02 -0.29322311e+02  0.25977648e+03
  0.13800000e+01  0.97220526e+01 -0.28093282e+02  0.25521156e+03
  0.13846000e+01  0.80483936e+01 -0.26869870e+02  0.25098134e+03
  0.13892000e+01  0.65037525e+01 -0.25713862e+02  0.24704493e+03
  0.13938000e+01  0.50781956e+01 -0.24672664e+02  0.24336445e+03
  0.13984000e+01  0.37603633e+01 -0.23782465e+02  0.23990661e+03
  0.14030000e+01  0.25379760e+01 -0.23071002e+02  0.23664331e+03
  0.14076000e+01  0.13982030e+01 -0.22559879e+02  0.23355189e+03
  0.14122000e+01  0.32791861e+00 -0.22266492e+02  0.23061506e+03
  0.14168000e+01 -0.68613097e+00 -0.22205595e+02  0.22782067e+03
  0.14214000e+01 -0.16572324e+01 -0.22390570e+02  0.22516151e+03
  0.14260000e+01 -0.25986653e+01 -0.22834438e+02  0.22263520e+03
  0.14306000e+01 -0.35237047e+01 -0.23550664e+02  0.22024411e+03
  0.14308000e+01 -0.35637573e+01 -0.23588202e+02  0.22014331e+03
  0.14310000e+01 -0.36038051e+01 -0.23626283e+02  0.22004278e+03
  0.14312000e+01 -0.36438493e+01 -0.23664909e+02  0.21994252e+03
  0.14314000e+01 -0.36838909e+01 -0.23704081e+02  0.21984253e+03
  0.14316000e+01 -0.37239311e+01 -0.23743800e+02  0.21974281e+03
  0.14318000e+01 -0.37639709e+01 -0.23784067e+02  0.21964337e+03
  0.14320000e+01 -0.38040114e+01 -0.23824884e+02  0.21954420e+03
  0.14322000e+01 -0.38440537e+01 -0.23866252e+02  0.21944531e+03
  0.14324000e+01 -0.38840990e+01 -0.23908172e+02  0.21934669e+03
  0.14326000e+01 -0.39241483e+01 -0.23950645e+02  0.21924834e+03
  0.14328000e+01 -0.39642027e+01 -0.23993674e+02  0.21915028e+03
  0.14330000e+01 -0.40042633e+01 -0.24037258e+02  0.21905249e+03
  0.14332000e+01 -0.40443313e+01 -0.24081400e+02  0.21895498e+03
  0.14334000e+01 -0.40674614e+01 -0.24183805e+02  0.21900338e+03
